# This is a trees configuration file
# this is a comment, it begins with a #

n_tree = 1

# see trees_setup_ls.f90 to see what each of these parameters does
tree = {
  n_gen = 0
  n_sub_branch = 4
  l = 0.5
  d = 1.
  #x0 = 0.5, 0.5, 0.0078125
  x0 = 2., 2., 0.
  taper = 0.
  ratio = 0.48
  rel_dir = -0.4924038763,-0.8528685321,-0.1736481773, 0.0000000000,0.0000000000,1.0000000000, -0.4924038763,0.8528685320,-0.1736481773, 0.9848077530,0.0000000000,-0.1736481773
  root_height = 0.75, 1.0, 0.75, 0.75
  twist = -90.0, 0.0, -90.0, -90.0
  #trunk_twist = 90.0
  max_res_gen=0
}

