Simulation Details
up=0.686
TI=0.1
Usweeping=6.86
Lx=13.72
Ly=6.28318548203
Lz=6.28318548203
Nx=69
Ny=32
Nz=32
Time start=2.0
Time final=4.0
